RK|Player|Team|Pos|G|AB|R|H|2B|3B|HR|RBI|BB|SO|SB|CS|AVG|OBP|SLG|OPS
1|Greinke, Z|HOU|P|1|2|0|1|0|0|0|0|0|1|0|1|.500|.500|.500|1.000
2|Alvarez, Y|HOU|OF|87|313|58|98|26|0|27|78|52|94|0|0|.313|.412|.655|1.067
3|Brantley, M|HOU|LF|148|575|88|179|40|2|22|90|51|66|3|2|.311|.372|.503|.875
4|Altuve, J|HOU|2B|124|500|89|149|27|3|31|74|41|82|6|5|.298|.353|.550|.903
5|Gurriel, Y|HOU|1B|144|564|85|168|40|2|31|104|37|65|5|3|.298|.343|.541|.884
6|Bregman, A|HOU|3B|156|554|122|164|37|2|41|112|119|83|5|1|.296|.423|.592|1.015
7|Springer, G|HOU|RF|122|479|96|140|20|3|39|96|67|113|6|2|.292|.383|.591|.974
8|Correa, C|HOU|SS|75|280|42|78|16|1|21|59|35|75|1|0|.279|.358|.568|.926
9|Reddick, J|HOU|RF|141|501|57|138|19|3|14|56|36|66|5|2|.275|.319|.409|.728
10|Diaz, A|HOU|2B|69|210|36|57|12|1|9|40|26|28|2|0|.271|.356|.467|.823
11|Tucker, K|HOU|RF|22|67|15|18|6|0|4|11|4|20|5|0|.269|.319|.537|.857
12|Straw, M|HOU|CF|56|108|27|29|4|2|0|7|19|24|8|1|.269|.378|.343|.721
13|Chirinos, R|HOU|C|114|366|57|87|22|1|17|58|51|125|1|2|.238|.347|.443|.790
14|Marisnick, J|HOU|CF|120|292|46|68|16|3|10|34|17|95|10|3|.233|.289|.411|.700
15|Kemp, T|HOU|CF|66|163|23|37|6|2|7|17|16|29|4|3|.227|.308|.417|.725
16|Fisher, D|HOU|RF|17|53|9|12|2|1|1|5|7|14|4|1|.226|.317|.358|.675
17|White, T|HOU|1B|71|218|16|49|14|0|3|21|32|74|0|0|.225|.320|.330|.650
18|Toro, A|HOU|3B|25|78|13|17|3|2|2|9|9|19|1|1|.218|.303|.385|.688
19|Maldonado, M|HOU|C|27|84|20|17|4|0|6|10|13|26|0|0|.202|.316|.464|.781
20|Stubbs, G|HOU|C|19|35|8|7|3|0|0|2|4|7|1|0|.200|.282|.286|.568
21|Stassi, M|HOU|C|31|90|4|15|1|0|1|3|7|34|0|0|.167|.235|.211|.446
22|Mayfield, J|HOU|2B|26|64|8|10|5|0|2|5|1|16|0|0|.156|.169|.328|.497
23|Cole, G|HOU|P|3|7|0|0|0|0|0|0|0|5|0|0|.000|.000|.000|.000
23|Miley, W|HOU|P|3|4|1|0|0|0|0|0|1|1|0|0|.000|.200|.000|.200
23|Urquidy, J|HOU|P|2|4|0|0|0|0|0|0|0|3|0|0|.000|.000|.000|.000
23|Verlander, J|HOU|P|1|2|0|0|0|0|0|0|0|1|0|0|.000|.000|.000|.000
27|Biagini, J|HOU|P|1|0|0|0|0|0|0|0|0|0|0|0|.---|.---|.---|.000
27|Devenski, C|HOU|P|7|0|0|0|0|0|0|0|0|0|0|0|.---|.---|.---|.000
27|Harris, W|HOU|P|5|0|0|0|0|0|0|0|0|0|0|0|.---|.---|.---|.000
27|James, J|HOU|P|3|0|0|0|0|0|0|0|0|0|0|0|.---|.---|.---|.000
27|McHugh, C|HOU|P|2|0|0|0|0|0|0|0|0|0|0|0|.---|.---|.---|.000
27|Osuna, R|HOU|P|4|0|0|0|0|0|0|0|0|0|0|0|.---|.---|.---|.000
27|Perez, C|HOU|P|1|0|0|0|0|0|0|0|0|0|0|0|.---|.---|.---|.000
27|Pressly, R|HOU|P|4|0|0|0|0|0|0|0|0|0|0|0|.---|.---|.---|.000
27|Rondon, H|HOU|P|6|0|0|0|0|0|0|0|0|0|0|0|.---|.---|.---|.000
27|Smith, J|HOU|P|1|0|0|0|0|0|0|0|0|0|0|0|.---|.---	.---|.000
